z = 43.900000000000
t = 300.00000000000
S = 0.357
